{
 "cells": [
  {
   "cell_type": "code",
   "execution_count": 142,
   "metadata": {
    "collapsed": true
   },
   "outputs": [],
   "source": [
    "import numpy as np\n",
    "import pandas as pd\n",
    "import matplotlib.pyplot as plt\n",
    "%matplotlib inline"
   ]
  },
  {
   "cell_type": "code",
   "execution_count": 143,
   "metadata": {},
   "outputs": [],
   "source": [
    "PRE = pd.read_csv('PRE.csv')\n",
    "ARE = pd.read_csv('ARE.csv')\n",
    "SUB = pd.read_csv('SUB.csv')\n",
    "STAN = pd.read_csv('STAN.csv')\n",
    "LND = pd.read_csv('LND.csv')\n",
    "LCAT = pd.read_csv('LCAT.csv')\n",
    "CAT = pd.read_csv('CAT.csv')\n",
    "LMENU = pd.read_csv('LMENU.csv')\n",
    "MENU = pd.read_csv('MENU.csv')\n",
    "PUR = pd.read_csv('PUR.csv')"
   ]
  },
  {
   "cell_type": "code",
   "execution_count": 144,
   "metadata": {},
   "outputs": [
    {
     "data": {
      "text/html": [
       "<div>\n",
       "<style>\n",
       "    .dataframe thead tr:only-child th {\n",
       "        text-align: right;\n",
       "    }\n",
       "\n",
       "    .dataframe thead th {\n",
       "        text-align: left;\n",
       "    }\n",
       "\n",
       "    .dataframe tbody tr th {\n",
       "        vertical-align: top;\n",
       "    }\n",
       "</style>\n",
       "<table border=\"1\" class=\"dataframe\">\n",
       "  <thead>\n",
       "    <tr style=\"text-align: right;\">\n",
       "      <th></th>\n",
       "      <th>category</th>\n",
       "      <th>n_ACP</th>\n",
       "      <th>PV_per_ACP</th>\n",
       "      <th>n_PV</th>\n",
       "      <th>n_transit</th>\n",
       "      <th>n_reserve</th>\n",
       "      <th>tranit_rate</th>\n",
       "      <th>reserve_rate</th>\n",
       "    </tr>\n",
       "  </thead>\n",
       "  <tbody>\n",
       "    <tr>\n",
       "      <th>0</th>\n",
       "      <td>PRE13</td>\n",
       "      <td>91899</td>\n",
       "      <td>6.909477</td>\n",
       "      <td>634964</td>\n",
       "      <td>346051</td>\n",
       "      <td>8087.0</td>\n",
       "      <td>0.454877</td>\n",
       "      <td>0.016854</td>\n",
       "    </tr>\n",
       "    <tr>\n",
       "      <th>1</th>\n",
       "      <td>PRE27</td>\n",
       "      <td>36109</td>\n",
       "      <td>7.038855</td>\n",
       "      <td>254178</td>\n",
       "      <td>140177</td>\n",
       "      <td>2428.0</td>\n",
       "      <td>0.453174</td>\n",
       "      <td>0.012939</td>\n",
       "    </tr>\n",
       "    <tr>\n",
       "      <th>2</th>\n",
       "      <td>PRE14</td>\n",
       "      <td>27967</td>\n",
       "      <td>6.594915</td>\n",
       "      <td>184434</td>\n",
       "      <td>99959</td>\n",
       "      <td>1611.0</td>\n",
       "      <td>0.439779</td>\n",
       "      <td>0.010742</td>\n",
       "    </tr>\n",
       "    <tr>\n",
       "      <th>3</th>\n",
       "      <td>PRE23</td>\n",
       "      <td>23495</td>\n",
       "      <td>7.332964</td>\n",
       "      <td>172280</td>\n",
       "      <td>96295</td>\n",
       "      <td>1407.0</td>\n",
       "      <td>0.448865</td>\n",
       "      <td>0.011447</td>\n",
       "    </tr>\n",
       "    <tr>\n",
       "      <th>4</th>\n",
       "      <td>PRE40</td>\n",
       "      <td>18693</td>\n",
       "      <td>7.052640</td>\n",
       "      <td>131837</td>\n",
       "      <td>73323</td>\n",
       "      <td>1359.0</td>\n",
       "      <td>0.457804</td>\n",
       "      <td>0.015633</td>\n",
       "    </tr>\n",
       "  </tbody>\n",
       "</table>\n",
       "</div>"
      ],
      "text/plain": [
       "  category  n_ACP  PV_per_ACP    n_PV  n_transit  n_reserve  tranit_rate  \\\n",
       "0    PRE13  91899    6.909477  634964     346051     8087.0     0.454877   \n",
       "1    PRE27  36109    7.038855  254178     140177     2428.0     0.453174   \n",
       "2    PRE14  27967    6.594915  184434      99959     1611.0     0.439779   \n",
       "3    PRE23  23495    7.332964  172280      96295     1407.0     0.448865   \n",
       "4    PRE40  18693    7.052640  131837      73323     1359.0     0.457804   \n",
       "\n",
       "   reserve_rate  \n",
       "0      0.016854  \n",
       "1      0.012939  \n",
       "2      0.010742  \n",
       "3      0.011447  \n",
       "4      0.015633  "
      ]
     },
     "execution_count": 144,
     "metadata": {},
     "output_type": "execute_result"
    }
   ],
   "source": [
    "PRE.head(5)"
   ]
  },
  {
   "cell_type": "code",
   "execution_count": 145,
   "metadata": {},
   "outputs": [
    {
     "data": {
      "text/html": [
       "<div>\n",
       "<style>\n",
       "    .dataframe thead tr:only-child th {\n",
       "        text-align: right;\n",
       "    }\n",
       "\n",
       "    .dataframe thead th {\n",
       "        text-align: left;\n",
       "    }\n",
       "\n",
       "    .dataframe tbody tr th {\n",
       "        vertical-align: top;\n",
       "    }\n",
       "</style>\n",
       "<table border=\"1\" class=\"dataframe\">\n",
       "  <thead>\n",
       "    <tr style=\"text-align: right;\">\n",
       "      <th></th>\n",
       "      <th>category</th>\n",
       "      <th>n_ACP</th>\n",
       "      <th>PV_per_ACP</th>\n",
       "      <th>n_PV</th>\n",
       "      <th>n_transit</th>\n",
       "      <th>n_reserve</th>\n",
       "      <th>transit_rate</th>\n",
       "      <th>reserve_rate</th>\n",
       "    </tr>\n",
       "  </thead>\n",
       "  <tbody>\n",
       "    <tr>\n",
       "      <th>0</th>\n",
       "      <td>ARE1</td>\n",
       "      <td>7307</td>\n",
       "      <td>7.987546</td>\n",
       "      <td>58368</td>\n",
       "      <td>31568</td>\n",
       "      <td>1008.0</td>\n",
       "      <td>0.457475</td>\n",
       "      <td>0.026387</td>\n",
       "    </tr>\n",
       "    <tr>\n",
       "      <th>1</th>\n",
       "      <td>ARE9</td>\n",
       "      <td>5448</td>\n",
       "      <td>7.515602</td>\n",
       "      <td>40944</td>\n",
       "      <td>22714</td>\n",
       "      <td>419.0</td>\n",
       "      <td>0.470940</td>\n",
       "      <td>0.013644</td>\n",
       "    </tr>\n",
       "    <tr>\n",
       "      <th>2</th>\n",
       "      <td>ARE164</td>\n",
       "      <td>4281</td>\n",
       "      <td>8.817099</td>\n",
       "      <td>37742</td>\n",
       "      <td>20774</td>\n",
       "      <td>321.0</td>\n",
       "      <td>0.472705</td>\n",
       "      <td>0.011519</td>\n",
       "    </tr>\n",
       "    <tr>\n",
       "      <th>3</th>\n",
       "      <td>ARE89</td>\n",
       "      <td>4616</td>\n",
       "      <td>8.152946</td>\n",
       "      <td>37636</td>\n",
       "      <td>20413</td>\n",
       "      <td>534.0</td>\n",
       "      <td>0.464484</td>\n",
       "      <td>0.018920</td>\n",
       "    </tr>\n",
       "    <tr>\n",
       "      <th>4</th>\n",
       "      <td>ARE108</td>\n",
       "      <td>4832</td>\n",
       "      <td>7.411010</td>\n",
       "      <td>35807</td>\n",
       "      <td>20902</td>\n",
       "      <td>480.0</td>\n",
       "      <td>0.506439</td>\n",
       "      <td>0.016705</td>\n",
       "    </tr>\n",
       "  </tbody>\n",
       "</table>\n",
       "</div>"
      ],
      "text/plain": [
       "  category  n_ACP  PV_per_ACP   n_PV  n_transit  n_reserve  transit_rate  \\\n",
       "0     ARE1   7307    7.987546  58368      31568     1008.0      0.457475   \n",
       "1     ARE9   5448    7.515602  40944      22714      419.0      0.470940   \n",
       "2   ARE164   4281    8.817099  37742      20774      321.0      0.472705   \n",
       "3    ARE89   4616    8.152946  37636      20413      534.0      0.464484   \n",
       "4   ARE108   4832    7.411010  35807      20902      480.0      0.506439   \n",
       "\n",
       "   reserve_rate  \n",
       "0      0.026387  \n",
       "1      0.013644  \n",
       "2      0.011519  \n",
       "3      0.018920  \n",
       "4      0.016705  "
      ]
     },
     "execution_count": 145,
     "metadata": {},
     "output_type": "execute_result"
    }
   ],
   "source": [
    "ARE.head(5)"
   ]
  },
  {
   "cell_type": "code",
   "execution_count": 146,
   "metadata": {},
   "outputs": [
    {
     "data": {
      "text/html": [
       "<div>\n",
       "<style>\n",
       "    .dataframe thead tr:only-child th {\n",
       "        text-align: right;\n",
       "    }\n",
       "\n",
       "    .dataframe thead th {\n",
       "        text-align: left;\n",
       "    }\n",
       "\n",
       "    .dataframe tbody tr th {\n",
       "        vertical-align: top;\n",
       "    }\n",
       "</style>\n",
       "<table border=\"1\" class=\"dataframe\">\n",
       "  <thead>\n",
       "    <tr style=\"text-align: right;\">\n",
       "      <th></th>\n",
       "      <th>n_ACP</th>\n",
       "      <th>PV_per_ACP</th>\n",
       "      <th>n_PV</th>\n",
       "      <th>n_transit</th>\n",
       "      <th>n_reserve</th>\n",
       "      <th>tranit_rate</th>\n",
       "      <th>reserve_rate</th>\n",
       "    </tr>\n",
       "  </thead>\n",
       "  <tbody>\n",
       "    <tr>\n",
       "      <th>n_ACP</th>\n",
       "      <td>1.000000</td>\n",
       "      <td>0.095195</td>\n",
       "      <td>0.998955</td>\n",
       "      <td>0.998663</td>\n",
       "      <td>0.986549</td>\n",
       "      <td>0.093204</td>\n",
       "      <td>0.397923</td>\n",
       "    </tr>\n",
       "    <tr>\n",
       "      <th>PV_per_ACP</th>\n",
       "      <td>0.095195</td>\n",
       "      <td>1.000000</td>\n",
       "      <td>0.126567</td>\n",
       "      <td>0.128499</td>\n",
       "      <td>0.057526</td>\n",
       "      <td>0.149653</td>\n",
       "      <td>0.246386</td>\n",
       "    </tr>\n",
       "    <tr>\n",
       "      <th>n_PV</th>\n",
       "      <td>0.998955</td>\n",
       "      <td>0.126567</td>\n",
       "      <td>1.000000</td>\n",
       "      <td>0.999943</td>\n",
       "      <td>0.987006</td>\n",
       "      <td>0.094635</td>\n",
       "      <td>0.400073</td>\n",
       "    </tr>\n",
       "    <tr>\n",
       "      <th>n_transit</th>\n",
       "      <td>0.998663</td>\n",
       "      <td>0.128499</td>\n",
       "      <td>0.999943</td>\n",
       "      <td>1.000000</td>\n",
       "      <td>0.986289</td>\n",
       "      <td>0.095865</td>\n",
       "      <td>0.402446</td>\n",
       "    </tr>\n",
       "    <tr>\n",
       "      <th>n_reserve</th>\n",
       "      <td>0.986549</td>\n",
       "      <td>0.057526</td>\n",
       "      <td>0.987006</td>\n",
       "      <td>0.986289</td>\n",
       "      <td>1.000000</td>\n",
       "      <td>0.198736</td>\n",
       "      <td>0.391867</td>\n",
       "    </tr>\n",
       "    <tr>\n",
       "      <th>tranit_rate</th>\n",
       "      <td>0.093204</td>\n",
       "      <td>0.149653</td>\n",
       "      <td>0.094635</td>\n",
       "      <td>0.095865</td>\n",
       "      <td>0.198736</td>\n",
       "      <td>1.000000</td>\n",
       "      <td>0.496258</td>\n",
       "    </tr>\n",
       "    <tr>\n",
       "      <th>reserve_rate</th>\n",
       "      <td>0.397923</td>\n",
       "      <td>0.246386</td>\n",
       "      <td>0.400073</td>\n",
       "      <td>0.402446</td>\n",
       "      <td>0.391867</td>\n",
       "      <td>0.496258</td>\n",
       "      <td>1.000000</td>\n",
       "    </tr>\n",
       "  </tbody>\n",
       "</table>\n",
       "</div>"
      ],
      "text/plain": [
       "                 n_ACP  PV_per_ACP      n_PV  n_transit  n_reserve  \\\n",
       "n_ACP         1.000000    0.095195  0.998955   0.998663   0.986549   \n",
       "PV_per_ACP    0.095195    1.000000  0.126567   0.128499   0.057526   \n",
       "n_PV          0.998955    0.126567  1.000000   0.999943   0.987006   \n",
       "n_transit     0.998663    0.128499  0.999943   1.000000   0.986289   \n",
       "n_reserve     0.986549    0.057526  0.987006   0.986289   1.000000   \n",
       "tranit_rate   0.093204    0.149653  0.094635   0.095865   0.198736   \n",
       "reserve_rate  0.397923    0.246386  0.400073   0.402446   0.391867   \n",
       "\n",
       "              tranit_rate  reserve_rate  \n",
       "n_ACP            0.093204      0.397923  \n",
       "PV_per_ACP       0.149653      0.246386  \n",
       "n_PV             0.094635      0.400073  \n",
       "n_transit        0.095865      0.402446  \n",
       "n_reserve        0.198736      0.391867  \n",
       "tranit_rate      1.000000      0.496258  \n",
       "reserve_rate     0.496258      1.000000  "
      ]
     },
     "execution_count": 146,
     "metadata": {},
     "output_type": "execute_result"
    }
   ],
   "source": [
    "PRE.corr()"
   ]
  },
  {
   "cell_type": "code",
   "execution_count": 147,
   "metadata": {},
   "outputs": [
    {
     "data": {
      "text/html": [
       "<div>\n",
       "<style>\n",
       "    .dataframe thead tr:only-child th {\n",
       "        text-align: right;\n",
       "    }\n",
       "\n",
       "    .dataframe thead th {\n",
       "        text-align: left;\n",
       "    }\n",
       "\n",
       "    .dataframe tbody tr th {\n",
       "        vertical-align: top;\n",
       "    }\n",
       "</style>\n",
       "<table border=\"1\" class=\"dataframe\">\n",
       "  <thead>\n",
       "    <tr style=\"text-align: right;\">\n",
       "      <th></th>\n",
       "      <th>n_ACP</th>\n",
       "      <th>PV_per_ACP</th>\n",
       "      <th>n_PV</th>\n",
       "      <th>n_transit</th>\n",
       "      <th>n_reserve</th>\n",
       "      <th>transit_rate</th>\n",
       "      <th>reserve_rate</th>\n",
       "    </tr>\n",
       "  </thead>\n",
       "  <tbody>\n",
       "    <tr>\n",
       "      <th>n_ACP</th>\n",
       "      <td>1.000000</td>\n",
       "      <td>0.426205</td>\n",
       "      <td>0.983584</td>\n",
       "      <td>0.983390</td>\n",
       "      <td>0.893029</td>\n",
       "      <td>0.243288</td>\n",
       "      <td>0.270713</td>\n",
       "    </tr>\n",
       "    <tr>\n",
       "      <th>PV_per_ACP</th>\n",
       "      <td>0.426205</td>\n",
       "      <td>1.000000</td>\n",
       "      <td>0.489271</td>\n",
       "      <td>0.492948</td>\n",
       "      <td>0.405791</td>\n",
       "      <td>0.449320</td>\n",
       "      <td>0.256690</td>\n",
       "    </tr>\n",
       "    <tr>\n",
       "      <th>n_PV</th>\n",
       "      <td>0.983584</td>\n",
       "      <td>0.489271</td>\n",
       "      <td>1.000000</td>\n",
       "      <td>0.999524</td>\n",
       "      <td>0.924729</td>\n",
       "      <td>0.230415</td>\n",
       "      <td>0.259970</td>\n",
       "    </tr>\n",
       "    <tr>\n",
       "      <th>n_transit</th>\n",
       "      <td>0.983390</td>\n",
       "      <td>0.492948</td>\n",
       "      <td>0.999524</td>\n",
       "      <td>1.000000</td>\n",
       "      <td>0.921087</td>\n",
       "      <td>0.236514</td>\n",
       "      <td>0.259018</td>\n",
       "    </tr>\n",
       "    <tr>\n",
       "      <th>n_reserve</th>\n",
       "      <td>0.893029</td>\n",
       "      <td>0.405791</td>\n",
       "      <td>0.924729</td>\n",
       "      <td>0.921087</td>\n",
       "      <td>1.000000</td>\n",
       "      <td>0.197099</td>\n",
       "      <td>0.326973</td>\n",
       "    </tr>\n",
       "    <tr>\n",
       "      <th>transit_rate</th>\n",
       "      <td>0.243288</td>\n",
       "      <td>0.449320</td>\n",
       "      <td>0.230415</td>\n",
       "      <td>0.236514</td>\n",
       "      <td>0.197099</td>\n",
       "      <td>1.000000</td>\n",
       "      <td>0.213361</td>\n",
       "    </tr>\n",
       "    <tr>\n",
       "      <th>reserve_rate</th>\n",
       "      <td>0.270713</td>\n",
       "      <td>0.256690</td>\n",
       "      <td>0.259970</td>\n",
       "      <td>0.259018</td>\n",
       "      <td>0.326973</td>\n",
       "      <td>0.213361</td>\n",
       "      <td>1.000000</td>\n",
       "    </tr>\n",
       "  </tbody>\n",
       "</table>\n",
       "</div>"
      ],
      "text/plain": [
       "                 n_ACP  PV_per_ACP      n_PV  n_transit  n_reserve  \\\n",
       "n_ACP         1.000000    0.426205  0.983584   0.983390   0.893029   \n",
       "PV_per_ACP    0.426205    1.000000  0.489271   0.492948   0.405791   \n",
       "n_PV          0.983584    0.489271  1.000000   0.999524   0.924729   \n",
       "n_transit     0.983390    0.492948  0.999524   1.000000   0.921087   \n",
       "n_reserve     0.893029    0.405791  0.924729   0.921087   1.000000   \n",
       "transit_rate  0.243288    0.449320  0.230415   0.236514   0.197099   \n",
       "reserve_rate  0.270713    0.256690  0.259970   0.259018   0.326973   \n",
       "\n",
       "              transit_rate  reserve_rate  \n",
       "n_ACP             0.243288      0.270713  \n",
       "PV_per_ACP        0.449320      0.256690  \n",
       "n_PV              0.230415      0.259970  \n",
       "n_transit         0.236514      0.259018  \n",
       "n_reserve         0.197099      0.326973  \n",
       "transit_rate      1.000000      0.213361  \n",
       "reserve_rate      0.213361      1.000000  "
      ]
     },
     "execution_count": 147,
     "metadata": {},
     "output_type": "execute_result"
    }
   ],
   "source": [
    "ARE.corr()"
   ]
  },
  {
   "cell_type": "code",
   "execution_count": 148,
   "metadata": {},
   "outputs": [
    {
     "data": {
      "text/html": [
       "<div>\n",
       "<style>\n",
       "    .dataframe thead tr:only-child th {\n",
       "        text-align: right;\n",
       "    }\n",
       "\n",
       "    .dataframe thead th {\n",
       "        text-align: left;\n",
       "    }\n",
       "\n",
       "    .dataframe tbody tr th {\n",
       "        vertical-align: top;\n",
       "    }\n",
       "</style>\n",
       "<table border=\"1\" class=\"dataframe\">\n",
       "  <thead>\n",
       "    <tr style=\"text-align: right;\">\n",
       "      <th></th>\n",
       "      <th>n_ACP</th>\n",
       "      <th>PV_per_ACP</th>\n",
       "      <th>n_PV</th>\n",
       "      <th>n_transit</th>\n",
       "      <th>n_reserve</th>\n",
       "      <th>transit_rate</th>\n",
       "      <th>reserve_rate</th>\n",
       "    </tr>\n",
       "  </thead>\n",
       "  <tbody>\n",
       "    <tr>\n",
       "      <th>n_ACP</th>\n",
       "      <td>1.000000</td>\n",
       "      <td>0.403377</td>\n",
       "      <td>0.978925</td>\n",
       "      <td>0.978603</td>\n",
       "      <td>0.881793</td>\n",
       "      <td>0.155659</td>\n",
       "      <td>0.067092</td>\n",
       "    </tr>\n",
       "    <tr>\n",
       "      <th>PV_per_ACP</th>\n",
       "      <td>0.403377</td>\n",
       "      <td>1.000000</td>\n",
       "      <td>0.487810</td>\n",
       "      <td>0.491722</td>\n",
       "      <td>0.433120</td>\n",
       "      <td>0.182678</td>\n",
       "      <td>0.002804</td>\n",
       "    </tr>\n",
       "    <tr>\n",
       "      <th>n_PV</th>\n",
       "      <td>0.978925</td>\n",
       "      <td>0.487810</td>\n",
       "      <td>1.000000</td>\n",
       "      <td>0.999547</td>\n",
       "      <td>0.926176</td>\n",
       "      <td>0.152703</td>\n",
       "      <td>0.065639</td>\n",
       "    </tr>\n",
       "    <tr>\n",
       "      <th>n_transit</th>\n",
       "      <td>0.978603</td>\n",
       "      <td>0.491722</td>\n",
       "      <td>0.999547</td>\n",
       "      <td>1.000000</td>\n",
       "      <td>0.922736</td>\n",
       "      <td>0.158485</td>\n",
       "      <td>0.064398</td>\n",
       "    </tr>\n",
       "    <tr>\n",
       "      <th>n_reserve</th>\n",
       "      <td>0.881793</td>\n",
       "      <td>0.433120</td>\n",
       "      <td>0.926176</td>\n",
       "      <td>0.922736</td>\n",
       "      <td>1.000000</td>\n",
       "      <td>0.141153</td>\n",
       "      <td>0.126432</td>\n",
       "    </tr>\n",
       "    <tr>\n",
       "      <th>transit_rate</th>\n",
       "      <td>0.155659</td>\n",
       "      <td>0.182678</td>\n",
       "      <td>0.152703</td>\n",
       "      <td>0.158485</td>\n",
       "      <td>0.141153</td>\n",
       "      <td>1.000000</td>\n",
       "      <td>0.054700</td>\n",
       "    </tr>\n",
       "    <tr>\n",
       "      <th>reserve_rate</th>\n",
       "      <td>0.067092</td>\n",
       "      <td>0.002804</td>\n",
       "      <td>0.065639</td>\n",
       "      <td>0.064398</td>\n",
       "      <td>0.126432</td>\n",
       "      <td>0.054700</td>\n",
       "      <td>1.000000</td>\n",
       "    </tr>\n",
       "  </tbody>\n",
       "</table>\n",
       "</div>"
      ],
      "text/plain": [
       "                 n_ACP  PV_per_ACP      n_PV  n_transit  n_reserve  \\\n",
       "n_ACP         1.000000    0.403377  0.978925   0.978603   0.881793   \n",
       "PV_per_ACP    0.403377    1.000000  0.487810   0.491722   0.433120   \n",
       "n_PV          0.978925    0.487810  1.000000   0.999547   0.926176   \n",
       "n_transit     0.978603    0.491722  0.999547   1.000000   0.922736   \n",
       "n_reserve     0.881793    0.433120  0.926176   0.922736   1.000000   \n",
       "transit_rate  0.155659    0.182678  0.152703   0.158485   0.141153   \n",
       "reserve_rate  0.067092    0.002804  0.065639   0.064398   0.126432   \n",
       "\n",
       "              transit_rate  reserve_rate  \n",
       "n_ACP             0.155659      0.067092  \n",
       "PV_per_ACP        0.182678      0.002804  \n",
       "n_PV              0.152703      0.065639  \n",
       "n_transit         0.158485      0.064398  \n",
       "n_reserve         0.141153      0.126432  \n",
       "transit_rate      1.000000      0.054700  \n",
       "reserve_rate      0.054700      1.000000  "
      ]
     },
     "execution_count": 148,
     "metadata": {},
     "output_type": "execute_result"
    }
   ],
   "source": [
    "SUB.corr()"
   ]
  },
  {
   "cell_type": "code",
   "execution_count": 149,
   "metadata": {},
   "outputs": [
    {
     "data": {
      "text/html": [
       "<div>\n",
       "<style>\n",
       "    .dataframe thead tr:only-child th {\n",
       "        text-align: right;\n",
       "    }\n",
       "\n",
       "    .dataframe thead th {\n",
       "        text-align: left;\n",
       "    }\n",
       "\n",
       "    .dataframe tbody tr th {\n",
       "        vertical-align: top;\n",
       "    }\n",
       "</style>\n",
       "<table border=\"1\" class=\"dataframe\">\n",
       "  <thead>\n",
       "    <tr style=\"text-align: right;\">\n",
       "      <th></th>\n",
       "      <th>n_ACP</th>\n",
       "      <th>PV_per_ACP</th>\n",
       "      <th>n_PV</th>\n",
       "      <th>n_transit</th>\n",
       "      <th>n_reserve</th>\n",
       "      <th>transit_rate</th>\n",
       "      <th>reserve_rate</th>\n",
       "    </tr>\n",
       "  </thead>\n",
       "  <tbody>\n",
       "    <tr>\n",
       "      <th>n_ACP</th>\n",
       "      <td>1.000000</td>\n",
       "      <td>0.411724</td>\n",
       "      <td>0.942928</td>\n",
       "      <td>0.945093</td>\n",
       "      <td>0.870752</td>\n",
       "      <td>0.112162</td>\n",
       "      <td>0.057994</td>\n",
       "    </tr>\n",
       "    <tr>\n",
       "      <th>PV_per_ACP</th>\n",
       "      <td>0.411724</td>\n",
       "      <td>1.000000</td>\n",
       "      <td>0.494425</td>\n",
       "      <td>0.498269</td>\n",
       "      <td>0.397978</td>\n",
       "      <td>0.135495</td>\n",
       "      <td>0.032230</td>\n",
       "    </tr>\n",
       "    <tr>\n",
       "      <th>n_PV</th>\n",
       "      <td>0.942928</td>\n",
       "      <td>0.494425</td>\n",
       "      <td>1.000000</td>\n",
       "      <td>0.999362</td>\n",
       "      <td>0.938553</td>\n",
       "      <td>0.096169</td>\n",
       "      <td>0.044622</td>\n",
       "    </tr>\n",
       "    <tr>\n",
       "      <th>n_transit</th>\n",
       "      <td>0.945093</td>\n",
       "      <td>0.498269</td>\n",
       "      <td>0.999362</td>\n",
       "      <td>1.000000</td>\n",
       "      <td>0.934965</td>\n",
       "      <td>0.101080</td>\n",
       "      <td>0.044392</td>\n",
       "    </tr>\n",
       "    <tr>\n",
       "      <th>n_reserve</th>\n",
       "      <td>0.870752</td>\n",
       "      <td>0.397978</td>\n",
       "      <td>0.938553</td>\n",
       "      <td>0.934965</td>\n",
       "      <td>1.000000</td>\n",
       "      <td>0.078715</td>\n",
       "      <td>0.091281</td>\n",
       "    </tr>\n",
       "    <tr>\n",
       "      <th>transit_rate</th>\n",
       "      <td>0.112162</td>\n",
       "      <td>0.135495</td>\n",
       "      <td>0.096169</td>\n",
       "      <td>0.101080</td>\n",
       "      <td>0.078715</td>\n",
       "      <td>1.000000</td>\n",
       "      <td>-0.016561</td>\n",
       "    </tr>\n",
       "    <tr>\n",
       "      <th>reserve_rate</th>\n",
       "      <td>0.057994</td>\n",
       "      <td>0.032230</td>\n",
       "      <td>0.044622</td>\n",
       "      <td>0.044392</td>\n",
       "      <td>0.091281</td>\n",
       "      <td>-0.016561</td>\n",
       "      <td>1.000000</td>\n",
       "    </tr>\n",
       "  </tbody>\n",
       "</table>\n",
       "</div>"
      ],
      "text/plain": [
       "                 n_ACP  PV_per_ACP      n_PV  n_transit  n_reserve  \\\n",
       "n_ACP         1.000000    0.411724  0.942928   0.945093   0.870752   \n",
       "PV_per_ACP    0.411724    1.000000  0.494425   0.498269   0.397978   \n",
       "n_PV          0.942928    0.494425  1.000000   0.999362   0.938553   \n",
       "n_transit     0.945093    0.498269  0.999362   1.000000   0.934965   \n",
       "n_reserve     0.870752    0.397978  0.938553   0.934965   1.000000   \n",
       "transit_rate  0.112162    0.135495  0.096169   0.101080   0.078715   \n",
       "reserve_rate  0.057994    0.032230  0.044622   0.044392   0.091281   \n",
       "\n",
       "              transit_rate  reserve_rate  \n",
       "n_ACP             0.112162      0.057994  \n",
       "PV_per_ACP        0.135495      0.032230  \n",
       "n_PV              0.096169      0.044622  \n",
       "n_transit         0.101080      0.044392  \n",
       "n_reserve         0.078715      0.091281  \n",
       "transit_rate      1.000000     -0.016561  \n",
       "reserve_rate     -0.016561      1.000000  "
      ]
     },
     "execution_count": 149,
     "metadata": {},
     "output_type": "execute_result"
    }
   ],
   "source": [
    "STAN.corr()"
   ]
  },
  {
   "cell_type": "code",
   "execution_count": 150,
   "metadata": {},
   "outputs": [
    {
     "data": {
      "text/html": [
       "<div>\n",
       "<style>\n",
       "    .dataframe thead tr:only-child th {\n",
       "        text-align: right;\n",
       "    }\n",
       "\n",
       "    .dataframe thead th {\n",
       "        text-align: left;\n",
       "    }\n",
       "\n",
       "    .dataframe tbody tr th {\n",
       "        vertical-align: top;\n",
       "    }\n",
       "</style>\n",
       "<table border=\"1\" class=\"dataframe\">\n",
       "  <thead>\n",
       "    <tr style=\"text-align: right;\">\n",
       "      <th></th>\n",
       "      <th>n_ACP</th>\n",
       "      <th>PV_per_ACP</th>\n",
       "      <th>n_PV</th>\n",
       "      <th>n_transit</th>\n",
       "      <th>n_reserve</th>\n",
       "      <th>transit_rate</th>\n",
       "      <th>reserve_rate</th>\n",
       "    </tr>\n",
       "  </thead>\n",
       "  <tbody>\n",
       "    <tr>\n",
       "      <th>n_ACP</th>\n",
       "      <td>1.000000</td>\n",
       "      <td>0.206668</td>\n",
       "      <td>0.940208</td>\n",
       "      <td>0.935227</td>\n",
       "      <td>0.842298</td>\n",
       "      <td>0.115165</td>\n",
       "      <td>0.007942</td>\n",
       "    </tr>\n",
       "    <tr>\n",
       "      <th>PV_per_ACP</th>\n",
       "      <td>0.206668</td>\n",
       "      <td>1.000000</td>\n",
       "      <td>0.393923</td>\n",
       "      <td>0.401729</td>\n",
       "      <td>0.319413</td>\n",
       "      <td>0.161293</td>\n",
       "      <td>-0.036612</td>\n",
       "    </tr>\n",
       "    <tr>\n",
       "      <th>n_PV</th>\n",
       "      <td>0.940208</td>\n",
       "      <td>0.393923</td>\n",
       "      <td>1.000000</td>\n",
       "      <td>0.997709</td>\n",
       "      <td>0.914172</td>\n",
       "      <td>0.124596</td>\n",
       "      <td>0.004523</td>\n",
       "    </tr>\n",
       "    <tr>\n",
       "      <th>n_transit</th>\n",
       "      <td>0.935227</td>\n",
       "      <td>0.401729</td>\n",
       "      <td>0.997709</td>\n",
       "      <td>1.000000</td>\n",
       "      <td>0.909539</td>\n",
       "      <td>0.138222</td>\n",
       "      <td>0.004417</td>\n",
       "    </tr>\n",
       "    <tr>\n",
       "      <th>n_reserve</th>\n",
       "      <td>0.842298</td>\n",
       "      <td>0.319413</td>\n",
       "      <td>0.914172</td>\n",
       "      <td>0.909539</td>\n",
       "      <td>1.000000</td>\n",
       "      <td>0.095724</td>\n",
       "      <td>0.091319</td>\n",
       "    </tr>\n",
       "    <tr>\n",
       "      <th>transit_rate</th>\n",
       "      <td>0.115165</td>\n",
       "      <td>0.161293</td>\n",
       "      <td>0.124596</td>\n",
       "      <td>0.138222</td>\n",
       "      <td>0.095724</td>\n",
       "      <td>1.000000</td>\n",
       "      <td>-0.005188</td>\n",
       "    </tr>\n",
       "    <tr>\n",
       "      <th>reserve_rate</th>\n",
       "      <td>0.007942</td>\n",
       "      <td>-0.036612</td>\n",
       "      <td>0.004523</td>\n",
       "      <td>0.004417</td>\n",
       "      <td>0.091319</td>\n",
       "      <td>-0.005188</td>\n",
       "      <td>1.000000</td>\n",
       "    </tr>\n",
       "  </tbody>\n",
       "</table>\n",
       "</div>"
      ],
      "text/plain": [
       "                 n_ACP  PV_per_ACP      n_PV  n_transit  n_reserve  \\\n",
       "n_ACP         1.000000    0.206668  0.940208   0.935227   0.842298   \n",
       "PV_per_ACP    0.206668    1.000000  0.393923   0.401729   0.319413   \n",
       "n_PV          0.940208    0.393923  1.000000   0.997709   0.914172   \n",
       "n_transit     0.935227    0.401729  0.997709   1.000000   0.909539   \n",
       "n_reserve     0.842298    0.319413  0.914172   0.909539   1.000000   \n",
       "transit_rate  0.115165    0.161293  0.124596   0.138222   0.095724   \n",
       "reserve_rate  0.007942   -0.036612  0.004523   0.004417   0.091319   \n",
       "\n",
       "              transit_rate  reserve_rate  \n",
       "n_ACP             0.115165      0.007942  \n",
       "PV_per_ACP        0.161293     -0.036612  \n",
       "n_PV              0.124596      0.004523  \n",
       "n_transit         0.138222      0.004417  \n",
       "n_reserve         0.095724      0.091319  \n",
       "transit_rate      1.000000     -0.005188  \n",
       "reserve_rate     -0.005188      1.000000  "
      ]
     },
     "execution_count": 150,
     "metadata": {},
     "output_type": "execute_result"
    }
   ],
   "source": [
    "LND.corr()"
   ]
  },
  {
   "cell_type": "code",
   "execution_count": 151,
   "metadata": {},
   "outputs": [
    {
     "data": {
      "text/html": [
       "<div>\n",
       "<style>\n",
       "    .dataframe thead tr:only-child th {\n",
       "        text-align: right;\n",
       "    }\n",
       "\n",
       "    .dataframe thead th {\n",
       "        text-align: left;\n",
       "    }\n",
       "\n",
       "    .dataframe tbody tr th {\n",
       "        vertical-align: top;\n",
       "    }\n",
       "</style>\n",
       "<table border=\"1\" class=\"dataframe\">\n",
       "  <thead>\n",
       "    <tr style=\"text-align: right;\">\n",
       "      <th></th>\n",
       "      <th>n_ACP</th>\n",
       "      <th>PV_per_ACP</th>\n",
       "      <th>n_PV</th>\n",
       "      <th>n_transit</th>\n",
       "      <th>n_reserve</th>\n",
       "      <th>transit_rate</th>\n",
       "      <th>reserve_rate</th>\n",
       "    </tr>\n",
       "  </thead>\n",
       "  <tbody>\n",
       "    <tr>\n",
       "      <th>n_ACP</th>\n",
       "      <td>1.000000</td>\n",
       "      <td>0.521140</td>\n",
       "      <td>0.989921</td>\n",
       "      <td>0.988638</td>\n",
       "      <td>0.760124</td>\n",
       "      <td>0.485102</td>\n",
       "      <td>-0.256589</td>\n",
       "    </tr>\n",
       "    <tr>\n",
       "      <th>PV_per_ACP</th>\n",
       "      <td>0.521140</td>\n",
       "      <td>1.000000</td>\n",
       "      <td>0.552127</td>\n",
       "      <td>0.554801</td>\n",
       "      <td>0.685480</td>\n",
       "      <td>0.681177</td>\n",
       "      <td>0.283098</td>\n",
       "    </tr>\n",
       "    <tr>\n",
       "      <th>n_PV</th>\n",
       "      <td>0.989921</td>\n",
       "      <td>0.552127</td>\n",
       "      <td>1.000000</td>\n",
       "      <td>0.999760</td>\n",
       "      <td>0.774205</td>\n",
       "      <td>0.444291</td>\n",
       "      <td>-0.246454</td>\n",
       "    </tr>\n",
       "    <tr>\n",
       "      <th>n_transit</th>\n",
       "      <td>0.988638</td>\n",
       "      <td>0.554801</td>\n",
       "      <td>0.999760</td>\n",
       "      <td>1.000000</td>\n",
       "      <td>0.784002</td>\n",
       "      <td>0.449682</td>\n",
       "      <td>-0.243054</td>\n",
       "    </tr>\n",
       "    <tr>\n",
       "      <th>n_reserve</th>\n",
       "      <td>0.760124</td>\n",
       "      <td>0.685480</td>\n",
       "      <td>0.774205</td>\n",
       "      <td>0.784002</td>\n",
       "      <td>1.000000</td>\n",
       "      <td>0.618083</td>\n",
       "      <td>-0.003281</td>\n",
       "    </tr>\n",
       "    <tr>\n",
       "      <th>transit_rate</th>\n",
       "      <td>0.485102</td>\n",
       "      <td>0.681177</td>\n",
       "      <td>0.444291</td>\n",
       "      <td>0.449682</td>\n",
       "      <td>0.618083</td>\n",
       "      <td>1.000000</td>\n",
       "      <td>0.247438</td>\n",
       "    </tr>\n",
       "    <tr>\n",
       "      <th>reserve_rate</th>\n",
       "      <td>-0.256589</td>\n",
       "      <td>0.283098</td>\n",
       "      <td>-0.246454</td>\n",
       "      <td>-0.243054</td>\n",
       "      <td>-0.003281</td>\n",
       "      <td>0.247438</td>\n",
       "      <td>1.000000</td>\n",
       "    </tr>\n",
       "  </tbody>\n",
       "</table>\n",
       "</div>"
      ],
      "text/plain": [
       "                 n_ACP  PV_per_ACP      n_PV  n_transit  n_reserve  \\\n",
       "n_ACP         1.000000    0.521140  0.989921   0.988638   0.760124   \n",
       "PV_per_ACP    0.521140    1.000000  0.552127   0.554801   0.685480   \n",
       "n_PV          0.989921    0.552127  1.000000   0.999760   0.774205   \n",
       "n_transit     0.988638    0.554801  0.999760   1.000000   0.784002   \n",
       "n_reserve     0.760124    0.685480  0.774205   0.784002   1.000000   \n",
       "transit_rate  0.485102    0.681177  0.444291   0.449682   0.618083   \n",
       "reserve_rate -0.256589    0.283098 -0.246454  -0.243054  -0.003281   \n",
       "\n",
       "              transit_rate  reserve_rate  \n",
       "n_ACP             0.485102     -0.256589  \n",
       "PV_per_ACP        0.681177      0.283098  \n",
       "n_PV              0.444291     -0.246454  \n",
       "n_transit         0.449682     -0.243054  \n",
       "n_reserve         0.618083     -0.003281  \n",
       "transit_rate      1.000000      0.247438  \n",
       "reserve_rate      0.247438      1.000000  "
      ]
     },
     "execution_count": 151,
     "metadata": {},
     "output_type": "execute_result"
    }
   ],
   "source": [
    "LCAT.corr()"
   ]
  },
  {
   "cell_type": "code",
   "execution_count": 152,
   "metadata": {},
   "outputs": [
    {
     "data": {
      "text/html": [
       "<div>\n",
       "<style>\n",
       "    .dataframe thead tr:only-child th {\n",
       "        text-align: right;\n",
       "    }\n",
       "\n",
       "    .dataframe thead th {\n",
       "        text-align: left;\n",
       "    }\n",
       "\n",
       "    .dataframe tbody tr th {\n",
       "        vertical-align: top;\n",
       "    }\n",
       "</style>\n",
       "<table border=\"1\" class=\"dataframe\">\n",
       "  <thead>\n",
       "    <tr style=\"text-align: right;\">\n",
       "      <th></th>\n",
       "      <th>n_ACP</th>\n",
       "      <th>PV_per_ACP</th>\n",
       "      <th>n_PV</th>\n",
       "      <th>n_transit</th>\n",
       "      <th>n_reserve</th>\n",
       "      <th>transit_rate</th>\n",
       "      <th>reserve_rate</th>\n",
       "    </tr>\n",
       "  </thead>\n",
       "  <tbody>\n",
       "    <tr>\n",
       "      <th>n_ACP</th>\n",
       "      <td>1.000000</td>\n",
       "      <td>0.488126</td>\n",
       "      <td>0.943541</td>\n",
       "      <td>0.937271</td>\n",
       "      <td>0.732073</td>\n",
       "      <td>0.314115</td>\n",
       "      <td>-0.045878</td>\n",
       "    </tr>\n",
       "    <tr>\n",
       "      <th>PV_per_ACP</th>\n",
       "      <td>0.488126</td>\n",
       "      <td>1.000000</td>\n",
       "      <td>0.537203</td>\n",
       "      <td>0.529910</td>\n",
       "      <td>0.474747</td>\n",
       "      <td>0.182606</td>\n",
       "      <td>-0.037473</td>\n",
       "    </tr>\n",
       "    <tr>\n",
       "      <th>n_PV</th>\n",
       "      <td>0.943541</td>\n",
       "      <td>0.537203</td>\n",
       "      <td>1.000000</td>\n",
       "      <td>0.998859</td>\n",
       "      <td>0.766182</td>\n",
       "      <td>0.261955</td>\n",
       "      <td>-0.045829</td>\n",
       "    </tr>\n",
       "    <tr>\n",
       "      <th>n_transit</th>\n",
       "      <td>0.937271</td>\n",
       "      <td>0.529910</td>\n",
       "      <td>0.998859</td>\n",
       "      <td>1.000000</td>\n",
       "      <td>0.769645</td>\n",
       "      <td>0.264254</td>\n",
       "      <td>-0.043772</td>\n",
       "    </tr>\n",
       "    <tr>\n",
       "      <th>n_reserve</th>\n",
       "      <td>0.732073</td>\n",
       "      <td>0.474747</td>\n",
       "      <td>0.766182</td>\n",
       "      <td>0.769645</td>\n",
       "      <td>1.000000</td>\n",
       "      <td>0.244564</td>\n",
       "      <td>0.026068</td>\n",
       "    </tr>\n",
       "    <tr>\n",
       "      <th>transit_rate</th>\n",
       "      <td>0.314115</td>\n",
       "      <td>0.182606</td>\n",
       "      <td>0.261955</td>\n",
       "      <td>0.264254</td>\n",
       "      <td>0.244564</td>\n",
       "      <td>1.000000</td>\n",
       "      <td>0.045193</td>\n",
       "    </tr>\n",
       "    <tr>\n",
       "      <th>reserve_rate</th>\n",
       "      <td>-0.045878</td>\n",
       "      <td>-0.037473</td>\n",
       "      <td>-0.045829</td>\n",
       "      <td>-0.043772</td>\n",
       "      <td>0.026068</td>\n",
       "      <td>0.045193</td>\n",
       "      <td>1.000000</td>\n",
       "    </tr>\n",
       "  </tbody>\n",
       "</table>\n",
       "</div>"
      ],
      "text/plain": [
       "                 n_ACP  PV_per_ACP      n_PV  n_transit  n_reserve  \\\n",
       "n_ACP         1.000000    0.488126  0.943541   0.937271   0.732073   \n",
       "PV_per_ACP    0.488126    1.000000  0.537203   0.529910   0.474747   \n",
